166
1318
1166
1926
1188
1326
1044
1758
1392
1926
1986
1739
1845
1585
1078
1504
1676
1119
1159
1029
1147
1606
1571
1498
1718
1634
1305
1107
1662
1781
1359
1657
1252
1118
1712
1238
1550
1181
1840
1787
1121
1833
1465
1240
1500
1338
1999
1129
1804
1902
1487
1664
1007
1771
1744
1679
1290
1053
1845
1098
1958
1548
1375
1648
1065
1119
1974
1947
1412
1725
1842
1234
1953
1774
1432
1502
1058
1358
1250
1274
1755
1071
1577
1649
1497
1336
1448
1187
1757
1226
1706
1852
1348
1628
1248
1343
1869
1158
1241
1042
1723
1773
1255
1461
1046
1775
1995
1324
1779
1316
1154
1301
1831
1761
1540
1037
1843
1537
1367
1100
1007
1516
1981
1390
1477
1743
1736
1516
1532
1338
1713
1436
1992
1982
1241
1320
1967
1067
1643
1952
1690
1514
1575
1123
1736
1779
1870
1069
1572
1978
1195
1580
1542
1759
1820
1126
1287
1513
1014
1693
1857
1704
1438
1901
1290
1373
1763
de
desffgvrf
