6173
2691
2050
7122
3658
983
1995
5046
7786
4733
6189
5754
7511
3772
3657
8558
9344
3866
6470
9972
2442
8361
6392
5700
438
4461
1571
2370
4934
6990
9000
5321
2744
6185
6678
9736
6819
6343
1525
6876
3594
6695
8801
636
1003
2047
6342
2216
5555
3963
7498
4772
7680
2199
1911
5916
954
529
5004
2615
7174
8368
8193
5866
2432
2333
1303
5247
4339
6240
5223
1793
2889
5024
7983
8809
3448
8662
3952
667
5911
497
424
2540
8625
624
1923
651
2228
789
6466
328
5235
6037
7854
9753
3876
5583
2936
8031
9590
2599
2732
7373
9442
4905
2512
2137
1911
5077
9215
9456
4743
4212
6751
817
9764
1135
7668
6065
111
4192
66
8003
9223
3414
3154
269
1556
2975
6485
9875
8176
2947
2431
2219
5644
1827
9055
5433
9537
1123
829
2383
538
7839
4789
94
1672
8519
1893
430
9068
6138
9488
4464
7014
9518
6310
7262
7964
4621
6435
4435
4556
418
8659
414
6350
3867
1090
9837
1707
2237
6218
9807
1482
5015
5196
9959
9917
3168
8847
1954
8807
6783
3542
8708
5342
7888
8275
8839
6980
8763
5162
2773
957
5430
7266
2607
3347
4948
9980
6669
964
1143
2634
4808
9916
4134
2068
2955
3390
6616
5975
958
3191
7187
1695
7147
8710
5978
8739
8588
9410
5635
2934
593
8466
4007
5605
474
5346
1582
7760
4658
3770
8938
2203
2566
5112
7266
9074
715
9830
2144
2227
7699
3010
400
4682
5288
2164
8528
3352
9431
5759
4685
6824
1006
396
545
6993
3941
5217
582
493
4403
6526
6782
6871
5433
8809
8467
5007
5056
9208
6950
3601
9002
1527
8683
4986
1589
4061
5886
7585
9774
6230
1809
4572
4535
1687
9499
9024
3959
5528
9664
7678
6679
5091
1435
7323
641
4133
1013
1008
2437
350
2749
6517
5488
616
751
3582
1919
1617
8454
4561
1820
9642
4887
9035
3569
7821
5388
5258
5274
8547
8536
8394
6906
4179
2488
203
5359
3907
1852
6109
9490
5393
2402
1673
3258
1852
7300
422
5700
1503
2243
7219
8791
55
8250
5422
679
9282
8329
759
8116
7926
3346
6841
5137
6276
5136
6433
3328
656
9920
7236
9181
4249
3285
8499
9435
9277
2707
9491
3620
2019
1632
1696
2169
5682
9900
1289
3073
5406
6816
2097
6506
7016
2233
7878
8836
9951
1863
131
9306
8286
601
5348
7421
142
6694
5163
7716
1096
559
2672
5463
4777
2748
2857
7225
1670
2599
2083
2598
6074
6630
9035
1037
1640
9782
3175
109
4318
6297
2459
9080
