102
1518
1451
1847
1326
1321
1792
1822
1966
1603
1239
1531
1578
1055
1117
1277
1346
1057
1067
1557
1163
1762
1750
1418
1301
1954
1556
1575
1888
1102
1894
1832
1950
1419
1474
1465
1126
1912
1161
1865
1660
1726
1234
1692
1752
1683
1590
1414
1488
1758
1111
1122
1830
1836
1957
1619
1190
1752
1866
1097
1524
1911
1402
1990
1695
1889
1410
1433
1238
1961
1719
1018
1772
1344
1202
1673
1239
1994
1418
1604
1424
1262
1985
1540
1186
1220
1148
1792
1002
1457
1676
1582
1669
1742
1537
1853
1316
1641
1566
1861
1042
1037
1992
r
r
142
1944
1933
1006
1116
1325
1552
1281
1814
1382
1886
1423
1275
1396
1104
1159
1899
1168
1239
1313
1511
1072
1036
1392
1632
1978
1320
1145
1598
1933
1865
1216
1150
1236
1195
1307
1229
1381
1451
1552
1769
1193
1452
1609
1869
1242
1493
1275
1747
1242
1916
1992
1584
1443
1463
1863
1257
1759
1028
1625
1149
1061
1281
1031
1550
1557
1011
1595
1062
1187
1911
1443
1162
1436
1752
1241
1090
1360
1475
1591
1200
1290
1089
1707
1948
1678
1836
1213
1268
1161
1157
1786
1287
1945
1097
1985
1201
1744
1642
1594
1621
1639
1635
1292
1376
1618
1714
1863
1906
1303
1309
1044
1957
1671
1868
1329
1707
1907
1151
1578
1124
1846
1909
1478
1973
1474
1762
1709
1449
1206
1034
1317
1846
1632
1707
1087
1621
1553
1811
1098
1475
1096
1634
g
h
